0 0 0 2526.5,694.5
5 15 7 2538.5,734.5
30 15 8 2550.5,846.5
40 30 21 2482.5,894.5
50 45 22 1898.5,746.5
50 45 23 1970.5,854.5
50 45 28 1538.5,1698.5
50 90 108 2382.5,782.5
55 60 45 1502.5,1726.5
55 60 47 1882.5,782.5
55 60 54 2462.5,986.5
55 75 87 2370.5,890.5
55 90 107 2326.5,754.5
60 60 48 1942.5,750.5
60 75 88 2334.5,818.5
60 90 106 2267.57,780.001
65 60 39 1310.5,1650.5
65 60 42 1062.5,1810.5
65 60 44 1550.5,1754.5
65 60 46 1690.5,1278.5
65 75 85 2326.34,919.945
65 75 86 2330.76,881.186
65 75 89 2245.36,748.904
65 90 105 2306.4,850.369
70 45 29 1538.5,1830.5
70 60 50 2258.5,974.5
70 75 69 1362.5,1674.5
70 75 82 1634.5,1722.5
70 90 104 1606.5,1770.5
70 120 159 1890.5,906.5
75 60 40 1394.5,1702.5
75 75 78 1627.86,1272.41
75 75 80 1682.5,1338.5
75 90 98 1403.38,1615.26
75 105 139 1330.5,1606.5
75 150 211 2398.5,1070.5
80 75 65 1270.5,1738.5
80 75 70 1373.62,1589.74
80 75 77 1605.14,1240.59
80 75 79 1726.5,1302.5
80 105 138 1278.5,1626.5
85 45 37 2435.54,1145.87
85 75 66 1218.5,1722.5
85 75 67 1206.39,1666.55
85 75 84 2418.44,1110.38
85 90 97 1242.61,1650.45
90 45 27 1774.5,1658.5
90 45 36 2414.5,1182.5
90 60 41 1241.77,1778.32
90 75 71 1449.58,1483.29
90 75 73 1810.5,550.5
90 75 81 1598.5,1438.5
90 90 95 590.5,1882.5
90 90 99 1422.5,1154.5
90 105 136 1502.5,1302.5
90 135 188 1146.5,1686.5
95 45 25 1806.5,1738.5
95 45 34 2462.5,1198.5
95 45 35 2473.52,1155.25
95 60 51 2246.5,1190.5
95 75 63 1102.5,1870.5
95 75 68 1227.23,1814.68
95 75 72 1482.5,1390.5
95 90 96 1138.5,1634.5
95 105 135 1450.5,1194.5
95 135 187 1479.42,1457.71
100 15 14 1845.32,1766.41
100 45 26 1811.68,1786.59
100 60 43 1126.5,1942.5
100 60 49 1714.5,614.5
100 60 52 2198.5,1226.5
100 90 103 1509.85,1110.73
100 105 134 1470.44,1114.51
100 105 137 1130.5,1582.5
105 30 20 2450.5,1346.5
105 60 53 2150.5,1258.5
105 75 64 990.5,1806.5
105 75 74 1666.5,626.5
105 75 75 1602.5,1042.5
105 75 76 1547.21,1098.26
105 180 288 1362.5,1294.5
110 105 133 1374.5,1098.5
110 135 190 1614.5,614.5
115 45 31 1766.5,1998.5
115 165 249 1158.5,1354.5
115 75 83 2010.5,1278.5
115 90 94 862.5,1802.5
115 105 132 1442.5,994.5
115 105 141 1554.5,594.5
115 120 156 1310.37,1082.56
115 135 186 1346.63,1066.44
120 45 24 1978.5,1610.5
120 45 30 1734.5,2034.5
120 165 250 1522.5,642.5
120 90 102 1590.5,654.5
120 120 142 280.67,200.964
120 120 143 430.5,762.5
120 120 144 466.5,1570.5
120 120 154 1318.5,982.5
120 120 155 1286.5,1010.5
120 135 189 1550.5,690.5
125 105 140 1970.5,1466.5
125 120 153 1318.5,926.5
125 120 157 1234.5,1166.5
125 135 163 286.5,250.5
125 150 194 358.5,790.5
130 75 56 790.5,1894.5
130 75 57 834.5,1926.5
130 120 158 1194.5,1218.5
130 135 184 1286.5,894.5
130 135 185 1182.5,1166.5
130 150 210 1194.5,1114.5
130 165 212 294.5,318.5
135 210 318 526.5,1634.5
135 75 58 838.5,1986.5
135 75 60 922.5,2002.5
135 165 248 1058.5,1206.5
135 105 110 878.5,1986.5
135 120 152 1330.5,826.5
135 135 162 304.884,170.152
135 135 164 262.5,366.5
135 135 165 342.5,314.5
135 135 168 678.5,1934.5
135 135 169 958.5,1382.5
135 135 183 1278.5,826.5
135 165 217 470.75,715.301
135 150 191 222.5,338.5
140 15 6 2234.5,394.5
140 225 326 459.561,677.394
140 30 19 2078.5,1782.5
140 180 253 421.189,686.805
140 45 33 2290.5,1506.5
140 165 213 326.5,362.5
140 75 59 866.5,2038.5
140 75 62 766.5,2038.5
140 180 283 530.5,726.5
140 90 92 756.458,1696.54
140 165 233 986.5,1346.5
140 165 232 946.5,1442.5
140 135 161 293.945,132.384
140 135 182 1222.5,842.5
140 150 201 903.017,1394.44
145 15 4 2226.5,310.5
145 15 5 2170.5,390.5
145 30 18 2142.5,1782.5
145 165 214 399.907,366.185
145 75 61 822.5,2058.5
145 180 251 138.051,366.91
145 180 284 522.564,674.644
145 195 307 482.5,874.5
145 90 93 726.5,1654.5
145 105 109 728.542,1724.46
145 165 231 869.983,1398.56
145 165 230 878.5,1442.5
145 135 160 238.5,82.5
145 135 167 482.5,1886.5
145 135 181 1134.5,826.5
145 150 202 918.5,1334.5
150 225 327 506.436,638.356
150 150 200 750.5,1538.5
150 150 199 438.5,1838.5
150 180 281 576.823,839.338
150 180 252 142.949,406.09
150 60 55 2114.5,1830.5
150 150 192 391.35,421.287
150 180 282 537.75,865
150 180 287 1090.5,854.5
150 150 209 1074.5,910.5
150 165 229 830.5,1414.5
150 135 166 438.749,371.366
155 15 13 2198.5,1830.5
155 210 322 555.25,900
155 180 280 612.177,821.662
155 210 309 94.5,158.5
155 195 302 626.5,1546.5
155 150 193 476.843,361.949
155 180 285 610.5,678.5
155 165 242 582.5,630.5
155 165 216 429.65,411.713
155 165 227 438.5,1926.5
155 165 225 390.5,1818.5
155 165 228 742.5,1482.5
160 15 11 2018.5,2062.5
160 165 224 342.5,1794.5
160 165 235 773.009,1280.59
160 180 279 658.5,794.5
160 210 319 610.5,1494.5
160 150 195 210.5,770.5
160 165 215 470.5,438.5
160 180 278 698.5,814.5
160 165 234 742.5,1326.5
160 165 243 502.5,518.5
160 210 320 834.5,1214.5
165 15 3 1914.5,258.5
165 165 236 795.991,1248.41
165 180 271 902.5,1034.5
165 210 321 656.328,856.95
165 195 303 562.5,1418.5
165 150 196 166.5,730.5
165 180 270 894.5,1102.5
165 180 286 742.329,680.712
165 210 310 150.5,602.5
165 180 268 696.712,1278.67
165 165 222 310.5,1726.5
165 180 276 688.514,879.747
165 165 223 262.5,1766.5
165 165 237 754.5,1238.5
165 150 208 1022.5,726.5
170 15 2 1870.5,234.5
170 150 203 922.5,750.5
170 150 197 124.598,767.999
170 165 238 778.5,1194.5
170 165 246 778.671,696.288
170 165 244 710.5,618.5
170 180 269 712.288,1242.33
170 165 239 854.5,990.5
170 195 308 730.5,866.5
170 150 206 1082.57,650.435
170 150 207 1054.43,678.565
170 165 221 310.5,1678.5
170 180 267 246.5,1726.5
170 180 277 750.5,820.29
170 195 306 854.5,1070.5
170 165 241 750.5,780.71
170 180 275 706.658,914.803
170 195 304 562.5,1330.5
175 150 204 978.5,698.5
175 150 205 702.5,566.5
175 30 17 2226.5,1974.5
175 150 198 92.4019,745.001
175 165 240 894.5,930.5
175 180 260 442.5,1434.5
175 180 262 486.5,1382.5
175 180 263 510.5,1346.5
175 180 266 322.5,1626.5
175 180 272 810.5,1062.5
175 180 273 766.5,906.5
175 195 300 190.5,1774.5
175 165 245 754.5,594.5
175 195 305 778.5,1110.5
175 180 274 802.5,866.5
180 135 170 816.295,642.688
180 15 9 2282.5,1978.5
180 15 12 2150.5,2078.5
180 180 261 446.5,1390.5
180 30 16 2220.82,2038.31
180 180 264 118.5,1774.5
180 165 219 258.687,1588.18
180 195 299 198.5,1814.5
180 180 254 430.5,1098.5
180 165 247 800.705,606.312
180 210 313 446.5,1346.5
185 165 218 254.313,1548.82
185 15 10 2218.5,2078.5
185 120 145 886.5,526.5
185 105 114 625.694,119.004
185 45 32 2260.18,2042.69
185 45 38 2202.5,78.5
185 210 311 450.5,1146.5
185 195 298 142.5,1826.5
185 210 317 302.5,1498.5
185 165 220 198.5,1590.5
185 195 291 374.5,1286.5
185 195 301 398.5,1374.5
185 180 265 122.5,1866.5
190 180 255 362.5,1214.5
190 195 296 142.5,1614.5
190 210 312 446.5,1186.5
190 30 15 2270.5,2138.5
190 90 90 659.306,97.9962
190 210 316 192.011,1504.38
190 195 295 66.5,1658.5
190 210 315 168.989,1536.62
190 135 180 1142.5,494.5
190 165 226 194.5,1950.5
190 135 171 934.5,510.5
195 135 172 918.5,458.5
195 180 257 306.5,1182.5
195 195 293 170.5,1470.5
195 195 294 86.5,1586.5
195 135 179 1129.25,446.164
195 195 297 42.5,1606.5
195 180 256 302.5,1246.5
195 120 147 1090.23,451.42
200 90 91 774.5,122.5
200 135 178 1052.02,441.915
200 180 258 270.5,1126.5
200 210 314 170.5,1410.5
200 195 289 334.5,1102.5
200 105 131 1110.5,362.5
200 195 290 318.5,1142.5
200 105 111 858.5,370.5
205 135 173 882.5,322.5
205 180 259 150.5,1318.5
205 120 148 1299.68,322.728
205 105 130 1094.5,326.5
205 105 129 1150.5,330.5
210 105 113 870.5,182.5
210 195 292 90.5,1322.5
210 105 128 1138.5,270.5
210 225 325 22.0631,1352.32
210 135 174 966.5,306.5
210 120 149 1321.66,289.762
210 120 146 1026.5,346.5
210 105 127 1096.33,269.707
215 105 119 1006.51,250.511
215 105 112 978.478,222.497
215 135 177 1076.67,235.293
215 105 115 942.636,122.65
215 225 324 29.688,1319.99
215 225 323 43.7489,1283.19
220 135 175 945.673,54.7757
220 105 116 914.615,94.6138
220 105 126 1118.5,194.5
220 135 176 1010.51,198.492
220 105 122 1274.5,178.5
220 105 124 1206.33,162.577
225 105 123 1242.67,146.423
225 105 125 1178.31,104.216
225 105 118 983.327,42.2243
225 120 150 1230.5,102.5
225 105 117 966.506,90.4935
230 90 101 1249.65,50.5682
230 120 151 1182.69,64.7838
230 105 121 1414.5,106.5
230 90 100 1275.88,80.0842
235 105 120 1237.97,12.8477
235 15 1 1478.5,82.5
