0 0 0 2526.5,694.5
5 30 7 2538.5,734.5
30 30 8 2550.5,846.5
40 60 21 2482.5,894.5
50 180 108 2382.5,782.5
55 120 54 2462.5,986.5
55 150 87 2370.5,890.5
55 180 107 2326.5,754.5
60 150 88 2334.5,818.5
60 180 106 2267.57,780.001
65 150 85 2326.34,919.945
65 150 86 2330.76,881.186
65 150 89 2245.36,748.904
65 180 105 2306.4,850.369
70 120 50 2258.5,974.5
75 300 211 2398.5,1070.5
85 90 37 2435.54,1145.87
85 150 84 2418.44,1110.38
90 90 22 1898.5,746.5
90 90 23 1970.5,854.5
90 90 28 1538.5,1698.5
90 90 36 2414.5,1182.5
95 90 34 2462.5,1198.5
95 90 35 2473.52,1155.25
95 120 45 1502.5,1726.5
95 120 47 1882.5,782.5
95 120 51 2246.5,1190.5
100 120 48 1942.5,750.5
105 60 20 2450.5,1346.5
105 120 44 1550.5,1754.5
105 120 52 2198.5,1226.5
105 240 159 1890.5,906.5
110 90 29 1538.5,1830.5
110 120 53 2150.5,1258.5
110 150 82 1634.5,1722.5
110 180 104 1606.5,1770.5
120 120 39 1310.5,1650.5
120 120 42 1062.5,1810.5
120 120 46 1690.5,1278.5
120 180 98 1403.48,1615.34
125 120 40 1394.5,1702.5
125 150 69 1362.5,1674.5
125 150 73 1810.5,550.5
125 150 83 2010.5,1278.5
125 210 139 1330.5,1606.5
130 120 49 1714.5,614.5
130 150 65 1270.5,1738.5
130 150 70 1373.52,1589.66
130 150 78 1627.96,1272.55
130 150 80 1682.5,1338.5
130 210 138 1278.5,1626.5
135 90 27 1774.5,1658.5
135 150 66 1218.5,1722.5
135 150 67 1206.36,1666.56
135 150 74 1666.5,626.5
135 150 77 1605.04,1240.45
135 150 79 1726.5,1302.5
135 180 97 1242.64,1650.44
140 90 25 1806.5,1738.5
140 120 41 1241.82,1778.19
140 150 71 1449.5,1483.36
140 270 187 1479.5,1457.64
140 270 188 1146.5,1686.5
140 270 190 1614.5,614.5
145 30 6 2234.5,394.5
145 30 14 1845.42,1766.35
145 90 26 1811.58,1786.65
145 90 33 2290.5,1506.5
145 150 63 1102.5,1870.5
145 150 68 1227.18,1814.81
145 150 81 1598.5,1438.5
145 180 96 1138.5,1634.5
145 210 136 1502.5,1302.5
145 210 141 1554.5,594.5
150 30 4 2226.5,310.5
150 30 5 2170.5,390.5
150 120 43 1126.5,1942.5
150 150 72 1482.5,1390.5
150 180 102 1590.5,654.5
150 210 137 1130.5,1582.5
150 270 189 1550.5,690.5
150 330 250 1522.5,642.5
155 150 64 990.5,1806.5
155 150 75 1602.5,1042.5
155 210 140 1970.5,1466.5
160 90 24 1978.5,1610.5
160 90 31 1766.5,1998.5
160 360 288 1362.5,1294.5
160 180 103 1509.81,1110.76
160 210 135 1450.5,1194.5
165 90 30 1734.5,2034.5
165 150 76 1547.31,1098.23
165 180 94 862.5,1802.5
165 180 99 1422.5,1154.5
165 330 249 1158.5,1354.5
165 210 134 1470.38,1114.51
175 210 132 1442.5,994.5
175 210 133 1374.5,1098.5
180 30 3 1914.5,258.5
180 60 19 2078.5,1782.5
180 240 156 1310.34,1082.57
180 270 186 1346.66,1066.43
185 30 2 1870.5,234.5
185 60 18 2142.5,1782.5
185 150 57 834.5,1926.5
185 150 60 922.5,2002.5
185 180 95 590.5,1882.5
185 210 110 878.5,1986.5
185 240 154 1318.5,982.5
185 240 155 1286.5,1010.5
185 240 157 1234.5,1166.5
185 240 158 1194.5,1218.5
190 120 55 2114.5,1830.5
190 150 56 790.5,1894.5
190 150 58 838.5,1986.5
190 150 59 866.5,2038.5
190 330 248 1058.5,1206.5
190 240 152 1330.5,826.5
190 240 153 1318.5,926.5
190 270 169 958.5,1382.5
190 270 185 1182.5,1166.5
190 300 210 1194.5,1114.5
195 30 13 2198.5,1830.5
195 90 38 2202.5,78.5
195 150 61 822.5,2058.5
195 150 62 766.5,2038.5
195 180 92 756.506,1696.49
195 330 233 986.5,1346.5
195 330 232 946.5,1442.5
195 270 183 1278.5,826.5
195 270 184 1286.5,894.5
195 300 201 903.017,1394.44
200 300 202 918.5,1334.5
200 180 93 726.5,1654.5
200 210 109 728.494,1724.51
200 330 231 869.983,1398.56
200 330 230 878.5,1442.5
200 270 168 678.5,1934.5
200 270 182 1222.5,842.5
205 330 229 830.5,1414.5
205 30 11 2018.5,2062.5
205 300 200 750.5,1538.5
205 270 181 1134.5,826.5
210 330 228 742.5,1482.5
210 360 287 1090.5,854.5
210 300 209 1074.5,910.5
215 60 17 2226.5,1974.5
215 330 235 772.977,1280.63
215 330 234 742.5,1326.5
215 420 320 834.5,1214.5
215 270 167 482.5,1886.5
220 30 9 2282.5,1978.5
220 60 16 2220.79,2038.31
220 330 237 754.5,1238.5
220 360 268 696.691,1278.72
220 390 302 626.5,1546.5
220 330 236 796.023,1248.37
220 420 319 610.5,1494.5
220 360 270 894.5,1102.5
220 330 227 438.5,1926.5
225 30 10 2218.5,2078.5
225 30 12 2150.5,2078.5
225 360 269 712.309,1242.28
225 90 32 2260.21,2042.69
225 390 306 854.5,1070.5
225 390 303 562.5,1418.5
225 360 271 902.5,1034.5
225 300 208 1022.5,726.5
225 420 318 526.5,1634.5
225 300 199 438.5,1838.5
225 330 238 778.5,1194.5
230 330 225 390.5,1818.5
230 60 15 2270.5,2138.5
230 300 207 1054.42,678.576
230 390 305 778.5,1110.5
230 390 304 562.5,1330.5
230 300 203 922.5,750.5
230 360 272 810.5,1062.5
230 330 239 854.5,990.5
230 240 144 466.5,1570.5
230 300 206 1082.58,650.424
235 360 263 510.5,1346.5
235 330 224 342.5,1794.5
235 300 204 978.5,698.5
235 330 240 894.5,930.5
240 360 262 486.5,1382.5
240 330 223 262.5,1766.5
240 330 222 310.5,1726.5
240 360 274 802.5,866.5
240 360 273 766.5,906.5
245 240 142 280.512,201.165
245 360 261 446.5,1390.5
245 360 260 442.5,1434.5
245 420 313 446.5,1346.5
245 360 275 706.708,914.9
245 360 267 246.5,1726.5
245 360 277 750.5,820.349
245 330 221 310.5,1678.5
245 240 143 430.5,762.5
250 360 266 322.5,1626.5
250 390 308 730.5,866.5
250 330 241 750.5,780.651
250 270 163 286.5,250.5
250 390 291 374.5,1286.5
250 390 300 190.5,1774.5
250 390 301 398.5,1374.5
250 300 194 358.5,790.5
250 270 180 1142.5,494.5
