0 0 0 2526.5,694.5
15 15 7 2538.5,734.5
30 15 8 2550.5,846.5
30 30 21 2482.5,894.5
30 90 108 2382.5,782.5
45 60 54 2462.5,986.5
45 75 85 2326.36,919.792
45 75 87 2370.5,890.5
45 75 88 2334.5,818.5
45 75 89 2245.01,748.419
45 90 106 2267.4,779.76
45 90 107 2326.5,754.5
60 45 22 1898.5,746.5
60 45 23 1970.5,854.5
60 45 28 1538.5,1698.5
60 45 37 2435.66,1145.85
60 60 50 2258.5,974.5
60 75 84 2418.47,1110.43
60 75 86 2330.73,881.323
60 90 105 2306.41,850.386
60 150 211 2398.5,1070.5
75 45 34 2462.5,1198.5
75 45 35 2473.37,1155.22
75 45 36 2414.5,1182.5
75 60 39 1310.5,1650.5
75 60 40 1394.5,1702.5
75 60 42 1062.5,1810.5
75 60 44 1550.5,1754.5
75 60 45 1502.5,1726.5
75 60 46 1690.5,1278.5
75 60 47 1882.5,782.5
75 60 48 1942.5,750.5
75 60 51 2246.5,1190.5
75 75 69 1362.5,1674.5
75 75 73 1810.5,550.5
75 75 82 1634.5,1722.5
75 90 98 1403.35,1615.23
75 120 159 1890.5,906.5
90 15 6 2234.5,394.5
90 30 20 2450.5,1346.5
90 45 27 1774.5,1658.5
90 45 29 1538.5,1830.5
90 60 41 1241.77,1778.32
90 60 43 1126.5,1942.5
90 60 49 1714.5,614.5
90 60 52 2198.5,1226.5
90 60 53 2150.5,1258.5
90 75 63 1102.5,1870.5
90 75 64 990.5,1806.5
90 75 65 1270.5,1738.5
90 75 66 1218.5,1722.5
90 75 67 1206.39,1666.55
90 75 68 1227.23,1814.68
90 75 70 1373.6,1589.72
90 75 71 1449.58,1483.29
90 75 74 1666.5,626.5
90 75 77 1605.1,1240.54
90 75 78 1627.9,1272.46
90 75 79 1726.5,1302.5
90 75 80 1682.5,1338.5
90 90 95 590.5,1882.5
90 90 97 1242.61,1650.45
90 90 99 1422.5,1154.5
90 90 104 1606.5,1770.5
90 105 138 1278.5,1626.5
90 105 139 1330.5,1606.5
90 135 187 1479.42,1457.71
90 135 188 1146.5,1686.5
105 15 4 2226.5,310.5
105 15 5 2170.5,390.5
105 15 14 1845.34,1766.4
105 180 288 1362.5,1294.5
105 45 25 1806.5,1738.5
105 45 26 1811.66,1786.6
105 75 56 790.5,1894.5
105 75 57 834.5,1926.5
105 75 60 922.5,2002.5
105 75 72 1482.5,1390.5
105 75 75 1602.5,1042.5
105 75 76 1547.22,1098.26
105 75 81 1598.5,1438.5
105 75 83 2010.5,1278.5
105 90 94 862.5,1802.5
105 90 96 1138.5,1634.5
105 90 102 1590.5,654.5
105 90 103 1509.84,1110.73
105 105 110 878.5,1986.5
105 105 133 1374.5,1098.5
105 105 134 1470.43,1114.51
105 105 135 1450.5,1194.5
105 105 136 1502.5,1302.5
105 105 137 1130.5,1582.5
105 105 141 1554.5,594.5
105 135 167 482.5,1886.5
105 135 168 678.5,1934.5
105 135 189 1550.5,690.5
105 135 190 1614.5,614.5
105 150 199 438.5,1838.5
105 165 227 438.5,1926.5
120 15 3 1914.5,258.5
120 45 24 1978.5,1610.5
120 45 30 1734.5,2034.5
120 45 31 1766.5,1998.5
120 45 33 2290.5,1506.5
120 75 58 838.5,1986.5
120 75 59 866.5,2038.5
120 75 61 822.5,2058.5
120 75 62 766.5,2038.5
120 165 250 1522.5,642.5
120 165 249 1158.5,1354.5
120 210 318 526.5,1634.5
120 90 92 756.43,1696.57
120 105 109 728.57,1724.43
120 105 132 1442.5,994.5
120 105 140 1970.5,1466.5
120 120 142 280.67,200.964
120 120 143 430.5,762.5
120 120 144 466.5,1570.5
120 120 154 1318.5,982.5
120 120 155 1286.5,1010.5
120 120 156 1310.37,1082.56
120 120 157 1234.5,1166.5
120 120 158 1194.5,1218.5
120 135 186 1346.63,1066.44
120 165 222 310.5,1726.5
120 165 224 342.5,1794.5
120 165 225 390.5,1818.5
135 15 2 1870.5,234.5
135 30 19 2078.5,1782.5
135 165 226 194.5,1950.5
135 45 38 2202.5,78.5
135 195 303 562.5,1418.5
135 195 302 626.5,1546.5
135 195 300 190.5,1774.5
135 195 299 198.5,1814.5
135 180 283 530.5,726.5
135 180 282 537.75,865
135 180 281 576.844,839.328
135 180 253 421.197,686.803
135 165 223 262.5,1766.5
135 165 221 310.5,1678.5
135 165 219 258.68,1588.12
135 165 248 1058.5,1206.5
135 210 319 610.5,1494.5
135 165 217 470.75,715.301
135 90 93 726.5,1654.5
135 180 267 246.5,1726.5
135 180 266 322.5,1626.5
135 210 317 302.5,1498.5
135 165 212 294.5,318.5
135 195 307 482.5,874.5
135 150 210 1194.5,1114.5
135 120 152 1330.5,826.5
135 120 153 1318.5,926.5
135 135 160 238.5,82.5
135 135 161 293.945,132.384
135 135 162 304.884,170.152
135 135 163 286.5,250.5
135 135 164 262.5,366.5
135 135 165 342.5,314.5
135 135 169 958.5,1382.5
135 135 184 1286.5,894.5
135 135 185 1182.5,1166.5
135 180 260 442.5,1434.5
135 165 232 946.5,1442.5
135 150 191 222.5,338.5
135 150 194 358.5,790.5
135 150 200 750.5,1538.5
150 225 327 506.435,638.353
150 165 228 742.5,1482.5
150 225 326 459.553,677.396
150 15 11 2018.5,2062.5
150 15 13 2198.5,1830.5
150 30 18 2142.5,1782.5
150 165 230 878.5,1442.5
150 210 315 169.017,1536.58
150 210 314 170.5,1410.5
150 165 229 830.5,1414.5
150 180 254 430.5,1098.5
150 180 287 1090.5,854.5
150 210 313 446.5,1346.5
150 150 201 903.017,1394.44
150 150 202 918.5,1334.5
150 195 304 562.5,1330.5
150 150 195 210.5,770.5
150 180 285 610.5,678.5
150 195 301 398.5,1374.5
150 180 284 522.565,674.647
150 150 193 476.844,361.948
150 195 298 142.5,1826.5
150 195 296 142.5,1614.5
150 150 192 392.505,420.999
150 195 295 66.5,1658.5
150 165 231 869.983,1398.56
150 210 322 555.25,900
150 60 55 2114.5,1830.5
150 180 252 142.95,406.098
150 165 234 742.5,1326.5
150 180 251 138.05,366.902
150 180 261 446.5,1390.5
150 165 220 198.5,1590.5
150 180 280 612.156,821.672
150 180 279 658.5,794.5
150 180 278 698.5,814.5
150 180 276 688.501,879.753
150 195 293 170.5,1470.5
150 165 218 254.32,1548.88
150 165 233 986.5,1346.5
150 180 268 696.721,1278.65
150 210 321 656.354,856.968
150 210 309 94.5,158.5
150 135 166 438.768,371.369
150 135 183 1278.5,826.5
150 135 182 1222.5,842.5
150 135 181 1134.5,826.5
150 180 265 122.5,1866.5
150 165 242 582.5,630.5
150 180 264 118.5,1774.5
150 210 316 191.983,1504.42
150 165 214 399.888,366.183
150 180 263 510.5,1346.5
150 180 262 486.5,1382.5
150 165 213 326.5,362.5
150 150 209 1074.5,910.5
165 195 290 318.5,1142.5
165 150 205 702.5,566.5
165 180 259 150.5,1318.5
165 195 289 334.5,1102.5
165 150 206 1082.56,650.436
165 225 325 22.0902,1352.21
165 15 9 2282.5,1978.5
165 150 207 1054.44,678.564
165 15 12 2150.5,2078.5
165 150 208 1022.5,726.5
165 180 257 306.5,1182.5
165 30 17 2226.5,1974.5
165 165 241 750.5,780.716
165 180 256 302.5,1246.5
165 180 255 362.5,1214.5
165 180 286 742.329,680.712
165 195 306 854.5,1070.5
165 210 312 446.5,1186.5
165 150 197 124.593,767.995
165 150 196 166.5,730.5
165 165 235 773.005,1280.59
165 195 308 730.5,866.5
165 165 215 470.5,438.5
165 195 297 42.5,1606.5
165 165 236 795.995,1248.41
165 165 237 754.5,1238.5
165 210 311 450.5,1146.5
165 165 238 778.5,1194.5
165 165 240 894.5,930.5
165 150 203 922.5,750.5
165 180 277 750.5,820.284
165 180 275 706.645,914.778
165 195 294 86.5,1586.5
165 180 274 802.5,866.5
165 180 273 766.5,906.5
165 180 271 902.5,1034.5
165 180 270 894.5,1102.5
165 180 269 712.279,1242.35
165 195 292 90.5,1322.5
165 165 246 778.671,696.288
165 210 310 150.5,602.5
165 210 320 834.5,1214.5
165 165 216 430.79,411.427
165 165 244 710.5,618.5
165 195 291 374.5,1286.5
165 165 243 502.5,518.5
180 180 258 270.5,1126.5
180 180 272 810.5,1062.5
180 135 180 1142.5,494.5
180 15 10 2218.5,2078.5
180 165 245 754.5,594.5
180 105 114 625.698,119.002
180 30 15 2270.5,2138.5
180 30 16 2220.82,2038.31
180 225 324 29.7018,1320
180 120 149 1321.84,289.488
180 120 148 1299.9,322.407
180 120 147 1090.23,451.406
180 150 198 92.4069,745.005
180 45 32 2260.18,2042.69
180 120 145 886.5,526.5
180 195 305 778.5,1110.5
180 165 247 800.705,606.312
180 150 204 978.5,698.5
180 165 239 854.5,990.5
180 225 323 43.708,1283.29
180 135 170 816.295,642.688
195 105 111 858.5,370.5
195 15 1 1478.5,82.5
195 105 131 1110.5,362.5
195 105 121 1414.5,106.5
195 105 129 1150.5,330.5
195 135 171 934.5,510.5
195 105 128 1138.5,270.5
195 90 91 774.5,122.5
195 90 90 659.302,97.9985
195 105 122 1274.5,178.5
195 135 178 1052.06,441.925
195 135 179 1129.21,446.17
195 135 172 918.5,458.5
195 105 124 1206.34,162.573
210 105 125 1178.31,104.206
210 135 173 882.5,322.5
210 105 130 1094.5,326.5
210 90 101 1249.66,50.5609
210 105 127 1096.33,269.707
210 90 100 1275.86,80.0577
210 120 150 1230.5,102.5
210 105 113 870.5,182.5
210 105 126 1118.5,194.5
210 120 146 1026.5,346.5
210 135 177 1076.67,235.293
210 105 115 943.401,123.413
210 105 116 915.391,95.3901
210 135 174 966.5,306.5
210 105 119 1006.51,250.508
210 105 123 1242.66,146.427
210 135 175 945.679,54.7738
225 135 176 1010.51,198.492
225 105 120 1237.98,12.8815
225 105 112 978.481,222.5
225 105 117 966.502,90.4973
225 105 118 983.321,42.2262
225 120 151 1182.69,64.7943
